0.91525
0.95541
0.95302
0.99387
0.94030
0.86022
0.79570
0.96000
0.81034
0.85437
0.98137
0.98137
0.99387
0.96000
1.00000
0.94194
0.80435
0.96855
0.75556
0.99387
0.90769
0.95035
0.85950
0.78723
1.00000
1.00000
0.77876
0.95302
0.94872
0.79699
0.79699
0.88235
0.88000
1.00000
0.85185
0.93506
0.94815
0.94815
0.89831
0.86111
0.81481
0.92810
0.92562
0.90511
0.87719
0.98765
0.93023
0.96855
0.92000
0.86364
0.86747
0.98137
1.00000
0.88889
0.74766
0.76190
0.80734
1.00000
0.89655
0.69880
0.85000
0.92105
0.81720
0.99387
0.77193
0.91228
0.99387
0.98137
0.82353
0.77311
0.99387
0.98765
0.99387
0.94030
0.93506
0.99387
0.91473
0.99387
0.93506
0.84615
0.85950
0.95833
0.93506
0.99387
0.98137
0.87591
0.96855
0.89524
0.92473
0.89189
0.87603
0.87179
0.88722
0.89041
0.88276
0.90741
0.89189
0.91304
0.95726
0.92000
0.99387
0.89474
0.99387
0.94595
0.93506
0.95541
0.98137
0.93023
0.89189
1.00000
0.99387
0.99387
0.98765
0.98765
0.98765
0.84211
0.99387
0.98765
0.90526
0.96000
0.96855
0.98765
0.87234
0.82353
0.91156
0.89933
0.97468
0.86869
0.84404
1.00000
0.98137
0.88276
0.88333
0.99387
0.76923
0.90435
0.99387
0.92199
0.91379
0.96503
0.84507
1.00000
0.96855
0.96000
0.94872
0.84746
1.00000
0.99387
0.81301
0.98137
1.00000
1.00000
0.91473
1.00000
0.91379
0.94872
0.98765
0.83146
0.99387
0.96364
0.94872
0.85714
0.78632
0.96203
0.85714
0.83200
0.91743
0.99387
0.96296
0.94366
0.97810
0.87097
0.99387
0.84956
0.94667
0.99387
0.90722
0.84615
0.88073
0.97059
0.97561
0.96855
0.91275
0.90566
0.98765
0.92715
0.92715
0.96855
0.87129
0.81690
0.86538
0.90909
0.88722
0.89091
0.78049
0.98765
1.00000
0.92517
0.86179
0.99387
0.99387
0.85057
0.81905
0.89552
0.78431
0.96000
0.94737
0.93506
0.99387
0.99387
0.79245
0.75000
0.81818
0.99387
0.83495
0.94194
0.82353
0.73684
0.96241
0.93846
0.96203
0.74576
0.86765
0.76364
0.96203
0.99387
0.92424
0.99387
0.84211
0.92424
0.92754
0.81132
0.96124
0.90541
0.83688
0.92715
0.88000
0.93069
0.89831
0.89231
0.96689
0.98137
0.99387
0.94872
0.93506
0.92414
0.76923
0.94872
0.80392
0.84298
0.94118
0.86400
0.90756
0.98137
0.99387
0.84615
0.96732
0.96732
0.98765
0.96855
0.98137
0.96855
0.76471
1.00000
0.86364
0.99387
0.96689
0.99387
0.92105
0.97059
0.84211
0.98649
0.89600
0.98765
0.96732
0.99387
0.93939
0.93333
0.93233
0.99387
0.93506
0.97500
0.99387
0.96855
0.73913
0.94194
0.73333
0.77895
1.00000
0.89362
0.78431
0.79032
0.98765
0.94595
0.92754
0.88435
0.96815
1.00000
1.00000
1.00000
1.00000
1.00000
1.00000
1.00000
1.00000
1.00000
1.00000
0.87097
0.86179
1.00000
0.99387
0.97500
0.78652
1.00000
1.00000
1.00000
1.00000
0.88235
0.95302
0.94194
0.94545
0.94545
1.00000
0.74138
0.91339
0.78788
0.99387
1.00000
0.96855
0.98137
0.97500
0.99387
0.99387
0.96855
0.81667
1.00000
0.99387
0.98137
0.99387
0.87719
0.99387
0.99387
0.87500
0.99387
0.99387
0.94194
0.91391
0.95541
0.99387
1.00000
0.86957
0.99387
0.83495
0.83495
0.84314
0.84314
0.81132
0.96855
0.96855
0.79310
0.83051
0.82828
0.86869
0.94872
0.87500
0.89189
0.92105
0.89764
0.90476
0.88235
0.86598
0.79592
0.79487
0.81081
0.90000
0.77778
0.90667
0.89189
0.89189
0.89933
0.97059
0.95522
0.95522
0.97059
0.98630
0.86486
0.83333
0.84956
0.92424
0.92424
0.87302
0.89796
0.84932
0.99387
0.99387
0.98137
0.99387
0.99387
0.99387
0.94194
0.99387
0.99387
0.94194
0.92188
0.80899
0.79518
0.85000
0.93421
0.85484
0.87129
0.85714
0.82000
0.97368
0.99387
0.99387
0.88696
0.99387
0.98137
0.99387
0.96855
0.98137
0.94017
0.98137
0.93846
0.99387
0.99387
0.99387
0.99387
0.87324
0.84746
0.98137
0.92647
0.92913
0.91200
0.94595
0.99387
0.99387
0.96815
1.00000
0.99387
0.96000
0.96000
0.92105
0.93694
0.99387
0.99387
0.99387
0.89109
0.92174
1.00000
0.88710
0.82243
0.89189
0.75676
0.77670
0.76786
0.99387
0.75000
1.00000
1.00000
0.91089
0.92157
0.90164
0.90164
0.93023
0.91057
0.95541
0.88372
0.99387
0.99387
0.99387
0.89041
0.99387
0.96855
1.00000
1.00000
1.00000
1.00000
1.00000
1.00000
0.99387
0.99387
1.00000
0.99387
1.00000
0.99387
0.99387
1.00000
1.00000
1.00000
0.95302
0.99387
0.96855
1.00000
1.00000
0.97015
0.99387
0.99387
0.98137
0.96241
0.99387
0.91391
0.99387
1.00000
1.00000
0.99270
0.99387
0.99387
1.00000
1.00000
1.00000
1.00000
0.98765
1.00000
0.98137
1.00000
0.98137
1.00000
1.00000
0.99387
0.91391
1.00000
1.00000
1.00000
0.96855
1.00000
1.00000
1.00000
0.99387
0.99387
0.99387
0.95522
0.99387
0.93750
0.96855
0.93750
0.99387
1.00000
0.99387
0.96855
0.84034
0.99387
0.98137
1.00000
1.00000
0.99387
0.95588
0.94030
0.88550
0.90323
0.88333
0.97500
0.76923
0.99387
0.89922
0.95302
0.97778
0.94194
0.89655
0.98137
0.99387
0.76364
0.78182
0.78261
0.83636
0.87324
0.89189
0.86275
0.81600
0.88550
0.93878
0.85075
0.87129
0.95541
0.78351
0.80000
0.70213
1.00000
0.94872
0.93548
0.81203
0.99387
0.96203
0.89552
0.89474
0.90476
0.94872
1.00000
0.90769
0.97500
0.96203
0.96241
0.87671
0.92810
0.96855
0.96855
0.90511
0.85950
0.85950
0.98137
0.81633
0.95652
0.95775
0.89109
0.99387
0.97500
0.94872
0.99387
0.98137
0.72727
0.81818
0.99387
0.99387
0.98137
0.97500
0.86022
0.87671
0.87671
0.94030
0.91549
0.87719
0.94194
0.94872
0.97500
0.97260
0.94815
0.93506
0.78652
0.92105
0.99387
0.94595
0.95455
0.83333
0.94815
0.96855
0.99387
0.97931
0.95035
0.83333
0.86000
0.84783
0.92086
0.88710
0.96855
0.95455
0.98765
0.94194
0.99387
0.78571
0.72727
0.83969
0.88435
0.88333
0.94815
0.92982
0.97500
0.94194
0.98137
0.99387
0.99387
0.99387
0.80000
0.85057
1.00000
0.91429
0.99387
0.99387
0.99387
0.90000
0.98137
0.91589
0.99387
0.99387
0.99387
0.93846
0.85455
0.96855
0.84314
0.85965
0.99387
0.94656
0.90476
0.89655
0.76923
0.82857
0.79245
0.92647
0.89796
0.80000
0.81081
0.80412
0.91391
0.83688
0.99237
0.83721
0.95541
0.99387
0.89744
0.88889
0.82692
0.89720
0.81356
0.91971
0.95541
0.82051
0.99387
0.93846
0.99387
0.90625
0.99237
0.99387
0.79412
0.99387
0.87379
0.99387
0.99387
0.99387
0.92105
0.90000
0.99387
0.95541
0.96855
0.89764
0.90741
0.97368
0.96815
0.81667
0.85714
0.92000
0.85366
0.98137
0.84314
0.85315
0.81081
0.97500
0.94194
0.97500
0.84058
0.80000
0.89796
0.93750
0.96855
0.96241
0.93023
0.91743
0.81818
0.77273
0.99387
0.98137
0.95541
0.97500
1.00000
0.99387
0.80000
0.99387
0.88889
0.82192
0.99387
0.75862
0.93878
0.99387
0.96203
0.91391
0.96855
0.88679
0.89933
0.86957
0.80292
0.70588
0.88889
0.84000
0.86713
0.90625
0.98765
0.76471
0.98137
1.00000
0.97468
0.89583
0.92958
0.91603
0.89600
0.87500
0.98765
0.77193
0.91339
0.92105
0.78125
0.95541
0.92308
0.99281
0.87356
0.83453
0.83168
0.99387
0.94118
0.82353
0.94194
0.90323
0.79032
0.97500
0.92727
0.83871
0.75510
0.96855
0.81633
0.92453
0.78846
0.88333
0.79310
0.95238
0.94231
0.90141
0.79104
0.89189
0.87302
0.86000
0.96855
0.98137
0.86598
0.96855
0.79630
0.97500
0.98529
0.80435
0.73418
0.92715
0.98137
0.96855
0.83117
0.96203
0.88462
0.88660
0.97059
0.85000
0.86364
0.88889
0.86154
0.83478
0.86316
0.92086
0.96203
0.85470
0.92754
0.86400
0.86400
0.85938
0.82051
0.74419
0.98137
0.99387
0.98765
0.96203
0.91589
0.99387
0.92727
0.92727
0.96644
0.89796
0.80000
0.83146
0.82222
0.77647
0.80000
1.00000
0.91089
0.96875
0.85484
0.99387
0.74699
0.83495
0.89189
0.97500
0.87912
0.91603
0.87023
0.95455
0.98137
0.97500
0.99387
0.80000
0.87356
0.90000
0.81356
0.82883
0.95541
0.97500
0.97059
0.89922
0.90756
0.89764
0.96203
0.78505
0.80519
0.75676
0.78873
0.83146
0.90541
0.91045
0.87671
0.80000
0.87912
0.80357
0.88889
0.89189
0.91176
0.86179
0.85149
0.87931
